162.634
165.535
168.435
171.333
174.228
177.121
180.011
182.899
185.786
188.669
191.551
194.43
197.307
200.182
203.055
205.925
208.793
211.659
214.523
217.385
220.244
223.101
225.956
228.808
231.659
234.507
237.353
240.196
243.038
245.877
248.714
251.549
254.382
257.213
260.041
262.867
265.691
268.513
271.333
274.15
276.965
279.778
282.589
285.398
288.205
291.009
293.811
296.612
299.409
302.205
304.999
307.79
310.58
313.367
316.152
318.935
321.716
324.494
327.271
330.045
332.818
335.588
338.356
341.122
343.885
346.647
349.407
352.164
354.919
357.673
360.424
363.173
365.92
368.665
371.407
374.148
376.886
379.623
382.357
385.089
387.82
390.548
393.274
395.998
398.72
401.44
404.157
406.873
409.587
412.298
415.008
417.715
420.42
423.124
425.825
428.524
431.221
433.917
436.61
439.301
441.99
444.677
447.362
450.045
452.726
455.404
458.081
460.756
463.429
466.1
468.769
471.435
474.1
476.763
479.424
482.082
484.739
487.394
490.046
492.697
495.346
497.993
500.637
503.28
505.921
508.56
511.197
513.831
516.464
519.095
521.724
524.351
526.976
529.599
532.22
534.839
537.456
540.072
542.685
545.296
547.905
550.513
553.118
555.722
558.323
560.923
563.52
566.116
568.71
571.302
573.892
576.48
579.066
581.65
584.232
586.812
589.391
591.967
594.542
597.114
599.685
602.254
604.821
607.386
609.949
612.51
615.07
617.627
620.182
622.736
625.288
627.838
630.386
632.932
635.476
638.018
640.559
643.097
645.634
648.169
650.702
653.233
655.762
658.289
660.815
663.338
665.86
668.38
670.898
673.414
675.929
678.441
680.952
683.461
685.968
688.473
690.976
693.478
695.977
698.475
700.971
703.465
705.957
708.448
710.937
713.423
715.908
718.392
720.873
723.353
725.83
728.306
730.78
733.253
735.723
738.192
740.659
743.124
745.587
748.049
750.509
752.967
755.423
757.877
760.33
762.781
765.23
767.677
770.122
772.566
775.008
777.448
779.886
782.323
784.758
787.191
789.622
792.052
794.48
796.906
799.33
801.752
804.173
806.592
809.009
811.425
813.839
816.251
818.661
821.07
823.477
825.882
828.285
830.687
833.086
835.485
837.881
840.276
842.669
845.06
847.45
849.837
852.223
854.608
856.991
859.372
861.751
864.128
866.504
868.878
871.251
873.621
875.991
878.358
880.724
883.087
885.45
887.81
890.169
892.526
894.882
897.236
899.588
901.938
904.287
906.634
908.98
911.324
913.666
916.006
918.345
920.682
923.017
925.351
927.683
930.014
932.343
934.67
936.995
939.319
941.641
943.962
946.281
948.598
950.913
953.227
955.54
957.85
960.159
962.467
964.773
967.077
969.379
971.68
973.979
976.277
978.573
980.867
983.16
985.451
987.741
990.029
992.315
994.6
996.883
999.164
1001.44
1003.72
1006
1008.27
1010.55
1012.82
1015.09
1017.36
1019.63
1021.89
1024.15
1026.42
1028.68
1030.94
1033.19
1035.45
1037.7
1039.96
1042.21
1044.46
1046.71
1048.95
1051.2
1053.44
1055.68
1057.92
1060.16
1062.4
1064.63
1066.87
1069.1
1071.33
1073.56
1075.79
1078.01
1080.24
1082.46
1084.68
1086.9
1089.12
1091.34
1093.55
1095.77
1097.98
1100.19
1102.4
1104.61
1106.81
1109.02
1111.22
1113.42
1115.62
1117.82
1120.02
1122.21
1124.41
1126.6
1128.79
1130.98
1133.17
1135.36
1137.54
1139.72
1141.91
1144.09
1146.26
1148.44
1150.62
1152.79
1154.97
1157.14
1159.31
1161.47
1163.64
1165.81
1167.97
1170.13
1172.29
1174.45
1176.61
1178.77
1180.92
1183.08
1185.23
1187.38
1189.53
1191.68
1193.82
1195.97
1198.11
1200.25
1202.39
1204.53
1206.67
1208.8
1210.94
1213.07
1215.2
1217.33
1219.46
1221.59
1223.71
1225.84
1227.96
1230.08
1232.2
1234.32
1236.44
1238.55
1240.67
1242.78
1244.89
1247
1249.11
1251.21
1253.32
1255.42
1257.53
1259.63
1261.73
1263.83
1265.92
1268.02
1270.11
1272.2
1274.3
1276.39
1278.47
1280.56
1282.65
1284.73
1286.81
1288.89
1290.97
1293.05
1295.13
1297.21
1299.28
1301.35
1303.42
1305.49
1307.56
1309.63
1311.7
1313.76
1315.82
1317.89
1319.95
1322.01
1324.06
1326.12
1328.17
1330.23
1332.28
1334.33
1336.38
1338.43
1340.47
1342.52
1344.56
1346.61
1348.65
1350.69
1352.72
1354.76
1356.8
1358.83
1360.86
1362.9
1364.93
1366.95
1368.98
1371.01
1373.03
1375.06
1377.08
1379.1
1381.12
1383.14
1385.15
1387.17
1389.18
1391.2
1393.21
1395.22
1397.23
1399.23
1401.24
1403.24
1405.25
1407.25
1409.25
1411.25
1413.25
1415.24
1417.24
1419.23
1421.22
1423.22
1425.21
1427.2
1429.18
1431.17
1433.15
1435.14
1437.12
1439.1
1441.08
1443.06
1445.03
1447.01
1448.98
1450.96
1452.93
1454.9
1456.87
1458.84
1460.8
1462.77
1464.73
1466.7
1468.66
1470.62
1472.58
1474.53
1476.49
1478.44
1480.4
1482.35
1484.3
1486.25
1488.2
1490.15
1492.09
1494.04
1495.98
1497.92
1499.86
1501.8
1503.74
1505.68
1507.61
1509.55
1511.48
1513.41
1515.35
1517.27
1519.2
1521.13
1523.06
1524.98
1526.9
1528.83
1530.75
1532.67
1534.58
1536.5
1538.42
1540.33
1542.24
1544.16
1546.07
1547.98
1549.88
1551.79
1553.7
1555.6
1557.5
1559.41
1561.31
1563.21
1565.11
1567
1568.9
1570.79
1572.69
1574.58
1576.47
1578.36
1580.25
1582.14
1584.02
1585.91
1587.79
1589.67
1591.55
1593.43
1595.31
1597.19
1599.07
1600.94
1602.82
1604.69
1606.56
1608.43
1610.3
1612.17
1614.04
1615.9
1617.77
1619.63
1621.49
1623.35
1625.21
1627.07
1628.93
1630.78
1632.64
1634.49
1636.34
1638.2
1640.05
1641.89
1643.74
1645.59
1647.43
1649.28
1651.12
1652.96
1654.8
1656.64
1658.48
1660.32
1662.15
1663.99
1665.82
1667.66
1669.49
1671.32
1673.15
1674.97
1676.8
1678.63
1680.45
1682.27
1684.1
1685.92
1687.74
1689.55
1691.37
1693.19
1695
1696.82
1698.63
1700.44
1702.25
1704.06
1705.87
1707.68
1709.48
1711.29
1713.09
1714.89
1716.7
1718.5
1720.29
1722.09
1723.89
1725.69
1727.48
1729.27
1731.07
1732.86
1734.65
1736.44
1738.22
1740.01
1741.8
1743.58
1745.36
1747.15
1748.93
1750.71
1752.49
1754.26
1756.04
1757.82
1759.59
1761.36
1763.14
1764.91
1766.68
1768.45
1770.21
1771.98
1773.75
1775.51
1777.27
1779.03
1780.8
1782.56
1784.31
1786.07
1787.83
1789.59
1791.34
1793.09
1794.85
1796.6
1798.35
1800.1
1801.84
1803.59
1805.34
1807.08
1808.83
1810.57
1812.31
1814.05
1815.79
1817.53
1819.26
1821
1822.74
1824.47
1826.2
1827.93
1829.66
1831.39
1833.12
1834.85
1836.58
1838.3
1840.03
1841.75
1843.47
1845.19
1846.91
1848.63
1850.35
1852.07
1853.78
1855.5
1857.21
1858.92
1860.64
1862.35
1864.06
1865.76
1867.47
1869.18
1870.88
1872.59
1874.29
1875.99
1877.69
1879.39
1881.09
1882.79
1884.49
1886.18
1887.88
1889.57
1891.26
1892.96
1894.65
1896.34
1898.03
1899.71
1901.4
1903.09
1904.77
1906.45
1908.14
1909.82
1911.5
1913.18
1914.86
1916.53
1918.21
1919.88
1921.56
1923.23
1924.9
1926.58
1928.25
1929.92
1931.58
1933.25
1934.92
1936.58
1938.25
1939.91
1941.57
1943.23
1944.89
1946.55
1948.21
1949.87
1951.52
1953.18
1954.83
1956.49
1958.14
1959.79
1961.44
1963.09
1964.74
1966.38
1968.03
1969.67
1971.32
1972.96
1974.6
1976.24
1977.89
1979.52
1981.16
1982.8
1984.44
1986.07
1987.71
1989.34
1990.97
1992.6
1994.23
1995.86
1997.49
1999.12
2000.74
2002.37
2003.99
2005.62
2007.24
2008.86
2010.48
2012.1
2013.72
2015.34
2016.96
2018.57
2020.19
2021.8
2023.41
2025.02
2026.64
2028.25
2029.85
2031.46
2033.07
2034.68
2036.28
2037.89
2039.49
2041.09
2042.69
2044.29
2045.89
2047.49
2049.09
2050.69
2052.28
2053.88
2055.47
2057.06
2058.65
2060.25
2061.84
2063.42
2065.01
2066.6
2068.19
2069.77
2071.36
2072.94
2074.52
2076.1
2077.68
2079.26
2080.84
2082.42
2084
2085.57
2087.15
2088.72
2090.3
2091.87
2093.44
2095.01
2096.58
2098.15
2099.72
2101.28
2102.85
2104.41
2105.98
2107.54
2109.1
2110.66
2112.22
2113.78
2115.34
2116.9
2118.46
2120.01
2121.57
2123.12
2124.67
2126.23
2127.78
2129.33
2130.88
2132.43
2133.97
2135.52
2137.07
2138.61
2140.16
2141.7
2143.24
2144.78
2146.32
2147.86
2149.4
2150.94
2152.48
2154.01
2155.55
2157.08
2158.61
2160.15
2161.68
2163.21
2164.74
2166.27
2167.8
2169.32
2170.85
2172.37
2173.9
2175.42
2176.94
2178.47
2179.99
2181.51
2183.03
2184.54
2186.06
2187.58
2189.09
2190.61
2192.12
2193.64
2195.15
2196.66
2198.17
2199.68
2201.19
2202.7
2204.2
2205.71
2207.21
2208.72
2210.22
2211.72
2213.23
2214.73
2216.23
2217.73
2219.23
2220.72
2222.22
2223.71
2225.21
2226.7
2228.2
2229.69
2231.18
2232.67
2234.16
2235.65
2237.14
2238.63
2240.11
2241.6
2243.08
2244.57
2246.05
2247.53
2249.01
2250.49
2251.97
2253.45
2254.93
2256.41
2257.88
2259.36
2260.83
2262.31
2263.78
2265.25
2266.72
2268.19
2269.66
2271.13
2272.6
2274.07
2275.53
2277
2278.46
2279.93
2281.39
2282.85
2284.31
2285.77
2287.23
2288.69
2290.15
2291.61
2293.06
2294.52
2295.97
2297.43
2298.88
2300.33
2301.78
2303.24
2304.69
2306.13
2307.58
2309.03
2310.48
2311.92
2313.37
2314.81
2316.25
2317.7
2319.14
2320.58
2322.02
2323.46
2324.9
2326.34
2327.77
2329.21
2330.64
2332.08
2333.51
2334.94
2336.38
2337.81
2339.24
2340.67
2342.1
2343.53
2344.95
2346.38
2347.81
2349.23
2350.65
2352.08
2353.5
2354.92
2356.34
2357.76
2359.18
2360.6
2362.02
2363.44
2364.85
2366.27
2367.68
2369.1
2370.51
2371.92
2373.33
2374.74
2376.15
2377.56
2378.97
2380.38
2381.79
2383.19
2384.6
2386
2387.41
2388.81
2390.21
2391.61
2393.01
2394.41
2395.81
2397.21
2398.61
2400.01
2401.4
2402.8
2404.19
2405.59
2406.98
2408.37
2409.76
2411.15
2412.54
2413.93
2415.32
2416.71
2418.1
2419.48
2420.87
2422.25
2423.64
2425.02
2426.4
2427.78
2429.16
2430.54
2431.92
2433.3
2434.68
2436.06
2437.43
2438.81
2440.18
2441.56
2442.93
2444.3
2445.68
2447.05
2448.42
2449.79
2451.16
2452.52
2453.89
2455.26
2456.62
2457.99
2459.35
2460.72
2462.08
2463.44
2464.81
2466.17
2467.53
2468.89
2470.24
2471.6
2472.96
2474.32
2475.67
2477.03
2478.38
2479.73
2481.09
2482.44
2483.79
2485.14
2486.49
2487.84
2489.19
2490.54
2491.88
2493.23
2494.57
2495.92
2497.26
2498.61
2499.95
2501.29
2502.63
2503.97
2505.31
2506.65
2507.99
2509.33
2510.66
2512
2513.34
2514.67
2516.01
2517.34
2518.67
2520
2521.33
2522.66
2523.99
2525.32
2526.65
2527.98
2529.31
2530.63
2531.96
2533.28
2534.61
2535.93
2537.25
2538.58
2539.9
2541.22
2542.54
2543.86
2545.18
2546.49
2547.81
2549.13
2550.44
2551.76
2553.07
2554.39
2555.7
2557.01
2558.32
2559.63
2560.94
2562.25
2563.56
2564.87
2566.18
2567.49
2568.79
2570.1
2571.4
2572.71
2574.01
2575.31
2576.61
2577.92
2579.22
2580.52
2581.81
2583.11
2584.41
2585.71
2587.01
2588.3
2589.6
2590.89
2592.18
2593.48
2594.77
2596.06
2597.35
2598.64
2599.93
2601.22
2602.51
2603.8
2605.09
2606.37
2607.66
2608.94
2610.23
2611.51
2612.8
2614.08
2615.36
2616.64
2617.92
2619.2
2620.48
2621.76
2623.04
2624.31
2625.59
2626.87
2628.14
2629.42
2630.69
2631.96
2633.23
2634.51
2635.78
2637.05
2638.32
2639.59
2640.86
2642.12
2643.39
2644.66
2645.92
2647.19
2648.45
2649.72
2650.98
2652.24
2653.51
2654.77
2656.03
2657.29
2658.55
2659.81
2661.07
2662.32
2663.58
2664.84
2666.09
2667.35
2668.6
2669.86
2671.11
2672.36
2673.61
2674.86
2676.11
2677.36
2678.61
2679.86
2681.11
2682.36
2683.6
2684.85
2686.1
2687.34
2688.59
2689.83
2691.07
2692.31
2693.56
2694.8
2696.04
2697.28
2698.52
2699.75
2700.99
2702.23
2703.47
2704.7
2705.94
2707.17
2708.41
2709.64
2710.87
2712.11
2713.34
2714.57
2715.8
2717.03
2718.26
2719.49
2720.71
2721.94
2723.17
2724.39
2725.62
2726.85
2728.07
2729.29
2730.52
2731.74
2732.96
2734.18
2735.4
2736.62
2737.84
2739.06
2740.28
2741.5
2742.71
2743.93
2745.15
2746.36
2747.57
2748.79
2750
2751.21
2752.43
2753.64
2754.85
2756.06
2757.27
2758.48
2759.69
2760.89
2762.1
2763.31
2764.52
2765.72
2766.93
2768.13
2769.33
2770.54
2771.74
2772.94
2774.14
2775.34
2776.54
2777.74
2778.94
2780.14
2781.34
2782.54
2783.73
2784.93
2786.12
2787.32
2788.51
2789.71
2790.9
2792.09
2793.28
2794.47
2795.67
2796.86
2798.05
2799.23
2800.42
2801.61
2802.8
2803.98
2805.17
2806.36
2807.54
2808.73
2809.91
2811.09
2812.27
2813.46
2814.64
2815.82
2817
2818.18
2819.36
2820.54
2821.71
2822.89
2824.07
2825.25
2826.42
2827.6
2828.77
2829.94
2831.12
2832.29
2833.46
2834.64
2835.81
2836.98
2838.15
2839.32
2840.49
2841.65
2842.82
2843.99
2845.16
2846.32
2847.49
2848.65
2849.82
2850.98
2852.14
2853.31
2854.47
2855.63
2856.79
2857.95
2859.11
2860.27
2861.43
2862.59
2863.75
2864.9
2866.06
2867.22
2868.37
2869.53
2870.68
2871.83
2872.99
2874.14
2875.29
2876.44
2877.59
2878.75
2879.9
2881.04
2882.19
2883.34
2884.49
2885.64
2886.78
2887.93
2889.08
2890.22
2891.37
2892.51
2893.65
2894.8
2895.94
2897.08
2898.22
2899.36
2900.5
2901.64
2902.78
2903.92
2905.06
2906.19
2907.33
2908.47
2909.6
2910.74
2911.87
2913.01
2914.14
2915.28
2916.41
2917.54
2918.67
2919.8
2920.93
2922.06
2923.19
2924.32
2925.45
2926.58
2927.71
2928.83
2929.96
2931.08
2932.21
2933.33
2934.46
2935.58
2936.71
2937.83
2938.95
2940.07
2941.19
2942.31
2943.43
2944.55
2945.67
2946.79
2947.91
2949.03
2950.14
2951.26
2952.38
2953.49
2954.61
2955.72
2956.83
2957.95
2959.06
2960.17
2961.28
2962.4
2963.51
2964.62
2965.73
2966.84
2967.94
2969.05
2970.16
2971.27
2972.37
2973.48
2974.59
2975.69
2976.79
2977.9
2979
2980.11
2981.21
2982.31
2983.41
2984.51
2985.61
2986.71
2987.81
2988.91
2990.01
2991.11
2992.21
2993.3
2994.4
2995.5
2996.59
2997.69
2998.78
2999.87
3000.97
3002.06
3003.15
3004.25
3005.34
3006.43
3007.52
3008.61
3009.7
3010.79
3011.88
3012.96
3014.05
3015.14
3016.23
3017.31
3018.4
3019.48
3020.57
3021.65
3022.74
3023.82
3024.9
3025.98
3027.06
3028.15
3029.23
3030.31
3031.39
3032.47
3033.54
3034.62
3035.7
3036.78
3037.86
3038.93
3040.01
3041.08
3042.16
3043.23
3044.31
3045.38
3046.45
3047.53
3048.6
3049.67
3050.74
3051.81
3052.88
3053.95
3055.02
3056.09
3057.16
3058.22
3059.29
3060.36
3061.42
3062.49
3063.56
3064.62
3065.69
3066.75
3067.81
3068.88
3069.94
3071
3072.06
3073.12
3074.18
3075.24
3076.3
3077.36
3078.42
3079.48
3080.54
3081.6
3082.65
3083.71
3084.77
3085.82
3086.88
3087.93
3088.98
3090.04
3091.09
3092.14
3093.2
3094.25
3095.3
3096.35
3097.4
3098.45
3099.5
3100.55
3101.6
3102.65
3103.69
3104.74
3105.79
3106.83
3107.88
3108.93
3109.97
3111.02
3112.06
3113.1
3114.15
3115.19
3116.23
3117.27
3118.31
3119.36
3120.4
3121.44
3122.48
3123.51
3124.55
3125.59
3126.63
3127.67
3128.7
3129.74
3130.78
3131.81
3132.85
3133.88
3134.92
3135.95
3136.98
3138.02
3139.05
3140.08
3141.11
3142.14
3143.17
3144.2
3145.23
3146.26
3147.29
3148.32
3149.35
3150.38
3151.4
3152.43
3153.46
3154.48
3155.51
3156.53
3157.56
3158.58
3159.6
3160.63
3161.65
3162.67
3163.69
3164.72
3165.74
3166.76
3167.78
3168.8
3169.82
3170.84
3171.85
3172.87
3173.89
3174.91
3175.92
3176.94
3177.96
3178.97
3179.99
3181
3182.02
3183.03
3184.04
3185.06
3186.07
3187.08
3188.09
3189.1
3190.11
3191.12
3192.13
3193.14
3194.15
3195.16
3196.17
3197.18
3198.18
3199.19
3200.2
3201.2
3202.21
3203.21
3204.22
3205.22
3206.23
3207.23
3208.23
3209.24
3210.24
3211.24
3212.24
3213.24
3214.25
3215.25
3216.25
3217.25
3218.24
3219.24
3220.24
3221.24
3222.24
3223.23
3224.23
3225.23
3226.22
3227.22
3228.21
3229.21
3230.2
3231.19
3232.19
3233.18
3234.17
3235.17
3236.16
3237.15
3238.14
3239.13
3240.12
3241.11
3242.1
3243.09
3244.08
3245.06
3246.05
3247.04
3248.03
3249.01
3250
3250.98
3251.97
3252.95
3253.94
3254.92
3255.91
3256.89
3257.87
3258.85
3259.84
3260.82
3261.8
3262.78
3263.76
3264.74
3265.72
3266.7
3267.68
3268.66
3269.64
3270.61
3271.59
3272.57
3273.54
3274.52
3275.5
3276.47
3277.45
3278.42
3279.4
3280.37
3281.34
3282.32
3283.29
3284.26
3285.23
3286.2
3287.17
3288.15
3289.12
3290.09
3291.05
3292.02
3292.99
3293.96
3294.93
3295.9
3296.86
3297.83
3298.8
3299.76
3300.73
3301.69
3302.66
3303.62
3304.59
3305.55
3306.52
3307.48
3308.44
3309.4
3310.37
3311.33
3312.29
3313.25
3314.21
3315.17
3316.13
3317.09
3318.05
3319.01
3319.96
3320.92
3321.88
3322.84
3323.79
3324.75
3325.7
3326.66
3327.61
3328.57
3329.52
3330.48
3331.43
3332.38
3333.34
3334.29
3335.24
3336.19
3337.15
3338.1
3339.05
3340
3340.95
3341.9
3342.85
3343.8
3344.74
3345.69
3346.64
3347.59
3348.53
3349.48
3350.43
3351.37
3352.32
3353.26
3354.21
3355.15
3356.1
3357.04
3357.98
3358.93
3359.87
3360.81
3361.75
3362.7
3363.64
3364.58
3365.52
3366.46
3367.4
3368.34
3369.28
3370.22
3371.15
3372.09
3373.03
3373.97
3374.9
3375.84
3376.78
3377.71
3378.65
3379.58
3380.52
3381.45
3382.39
3383.32
3384.25
3385.19
3386.12
3387.05
3387.98
3388.92
3389.85
3390.78
3391.71
3392.64
3393.57
3394.5
3395.43
3396.36
3397.28
3398.21
3399.14
3400.07
3401
3401.92
3402.85
3403.77
3404.7
3405.63
3406.55
3407.48
3408.4
3409.32
3410.25
3411.17
3412.09
3413.02
3413.94
3414.86
3415.78
3416.7
3417.63
3418.55
3419.47
3420.39
3421.31
3422.22
3423.14
3424.06
3424.98
3425.9
3426.82
3427.73
3428.65
3429.57
3430.48
3431.4
3432.31
3433.23
3434.14
3435.06
3435.97
3436.89
3437.8
3438.71
3439.63
3440.54
3441.45
3442.36
3443.27
3444.19
3445.1
3446.01
3446.92
3447.83
3448.74
